90.0 64.23076923076923
90.0 64.23076923076923
90.0 67.50038461538462
90.0 67.91653846153847
100.0 73.35884615384614
100.0 76.28192307692308
100.0 74.52576923076923
95.0 73.63807692307692
92.5 78.95115384615384
100.0 71.59
100.0 72.24346153846153
90.0 73.58961538461539
92.5 71.34615384615384
90.0 76.705
100.0 79.25307692307692
100.0 78.13153846153847
96.67 75.40076923076923
100.0 75.9423076923077
100.0 77.50615384615384
100.0 80.30000000000001
90.0 74.83538461538463
90.0 71.69884615384616
100.0 74.91038461538461
100.0 75.48076923076923
90.0 78.23961538461538
100.0 77.69461538461539
100.0 74.61576923076923
90.0 75.77653846153845
100.0 77.695
95.0 75.71153846153847
92.22 75.96538461538461
100.0 75.97923076923077
100.0 78.26115384615383
90.0 75.52192307692307
100.0 75.53730769230768
91.67 77.29884615384616
93.33 76.75307692307692
100.0 77.09923076923077
90.0 75.97884615384615
100.0 74.72423076923077
95.0 70.47346153846154
100.0 76.36538461538461
100.0 74.31615384615384
100.0 74.30884615384615
100.0 74.82692307692308
100.0 74.16038461538461
90.0 70.80153846153847
90.0 73.12384615384616
100.0 78.96807692307692
100.0 81.41499999999999
