90.0 10 1
90.0 20 2
90.0 10 3
90.0 20 4
100.0 10 5
100.0 10 6
100.0 10 7
95.0 20 8
92.5 40 9
100.0 10 10
100.0 20 11
90.0 30 12
92.5 40 13
90.0 10 14
100.0 10 15
100.0 20 16
96.67 30 17
100.0 10 18
100.0 10 19
100.0 10 20
90.0 10 21
90.0 20 22
100.0 10 23
100.0 10 24
90.0 10 25
100.0 10 26
100.0 10 27
90.0 30 28
100.0 10 29
95.0 20 30
92.22 90 31
100.0 10 32
100.0 10 33
90.0 20 34
100.0 10 35
91.67 60 36
93.33 30 37
100.0 10 38
90.0 20 39
100.0 10 40
95.0 20 41
100.0 10 42
100.0 10 43
100.0 10 44
100.0 10 45
100.0 10 46
90.0 20 47
90.0 20 48
100.0 10 49
100.0 20 50
