70.0 10 1
50.0 10 2
60.0 10 3
40.0 20 4
50.0 10 5
40.0 20 6
40.0 10 7
40.0 10 8
40.0 10 9
70.0 10 10
45.0 20 11
36.67 30 12
32.5 40 13
50.0 10 14
30.0 10 15
30.0 10 16
40.0 10 17
30.0 10 18
60.0 10 19
30.0 20 20
50.0 10 21
40.0 10 22
40.0 10 23
30.0 10 24
30.0 10 25
20.0 170 26
50.0 10 27
30.0 20 28
40.0 10 29
30.0 20 30
50.0 10 31
30.0 20 32
26.67 30 33
40.0 10 34
40.0 10 35
30.0 10 36
40.0 10 37
50.0 10 38
40.0 10 39
50.0 10 40
40.0 10 41
40.0 10 42
70.0 10 43
50.0 20 44
43.33 30 45
40.0 10 46
50.0 10 47
50.0 10 48
35.0 20 49
30.0 10 50
