70.0 20.76923076923077
50.0 23.46153846153846
60.0 23.46153846153846
40.0 21.57038461538461
50.0 16.070769230769233
40.0 14.18576923076923
40.0 17.730769230769234
40.0 16.693846153846152
40.0 16.34846153846154
70.0 17.07884615384615
45.0 17.13653846153846
36.67 16.274615384615384
32.5 14.395000000000001
50.0 13.286538461538461
30.0 11.853076923076923
30.0 13.0
40.0 15.724615384615383
30.0 11.004615384615384
60.0 17.46153846153846
30.0 14.459999999999999
50.0 13.81423076923077
40.0 21.01076923076923
40.0 15.430384615384614
30.0 12.390769230769232
30.0 11.435769230769232
20.0 10.006538461538462
50.0 14.233076923076924
30.0 12.093076923076923
40.0 12.93576923076923
30.0 14.894615384615385
50.0 13.846153846153847
30.0 16.955
26.67 11.519230769230772
40.0 14.647307692307692
40.0 15.746153846153845
30.0 14.640769230769232
40.0 13.81423076923077
50.0 12.62076923076923
40.0 15.259615384615385
50.0 18.23730769230769
40.0 16.05769230769231
40.0 16.115384615384617
70.0 16.923076923076923
50.0 15.061538461538463
43.33 14.113846153846152
40.0 15.785384615384617
50.0 19.311923076923076
50.0 17.51269230769231
35.0 12.894615384615385
30.0 11.602692307692308
